acid	resid	resid1	mt_mean_score	norm_score
H26	26	1.0	-0.33156816149247365	1.0075752095873693
P27	27	2.0	-0.18208230940078945	1.170622776624281
E28	28	3.0	-0.10559178579326317	1.25405270394568
T29	29	4.0	-1.8430496191368424	-0.6410314701883711
L30	30	5.0	-0.8209723027421052	0.4737711511297168
V31	31	6.0	-0.10487136489873683	1.2548384831512134
K32	32	7.0	-1.0639005058852	0.20880391889400726
V33	33	8.0	-2.289786532656842	-1.1282974277074846
K34	34	9.0	-0.4388563180682105	0.8905536141870228
D35	35	10.0	-0.2385195898635789	1.1090653707502198
A36	36	11.0	-1.4572292448948425	-0.2202085464588001
E37	37	12.0	-2.5582750390631577	-1.4211438552080258
D38	38	13.0	-0.12032691308922105	1.237980770568924
Q39	39	14.0	-0.12470661599421051	1.233203730514558
L40	40	15.0	-1.2479494423336839	0.00805762161062841
G41	41	16.0	-0.43592589310026303	0.8937498943347589
A42	42	17.0	-1.7064043838178946	-0.4919894514675902
R43	43	18.0	-0.773195558896842	0.5258823157377102
V44	44	19.0	-1.783327542186842	-0.5758912632133562
G45	45	20.0	-2.8378300856842116	-1.726060805987402
Y46	46	21.0	-2.4198863653052634	-1.2702002291326269
I47	47	22.0	-1.4378142171557895	-0.19903214084908927
E48	48	23.0	-0.8764518934728421	0.4132583188965889
L49	49	24.0	-1.6362302144568421	-0.41544891319552535
D50	50	25.0	-1.995766545694737	-0.8076032425146742
L51	51	26.0	-1.2105240595355262	0.048878324876393466
N52	52	27.0	-0.08497649103172636	1.276538267680205
S53	53	28.0	-1.0402099249773158	0.23464376610812707
G54	54	29.0	-1.8204547889631575	-0.6163867828424945
K55	55	30.0	-0.28013436199379477	1.0636752067066981
I56	56	31.0	-0.8241520201290001	0.4703029621570225
L57	57	32.0	-1.0817463581842106	0.18933904808289445
E58	58	33.0	-0.9793362417278947	0.3010400558674162
S59	59	34.0	-0.4802692550289474	0.8453835962835242
F60	60	35.0	-0.9007454610605264	0.3867607806052108
R61	61	36.0	-2.123982140680526	-0.9474508637183258
P62	62	37.0	-0.31535611253772106	1.0252580544972305
E63	63	38.0	-0.22118310352505266	1.1279746646995341
E64	64	39.0	-1.2503666408263154	0.005421129074685006
R65	65	40.0	-1.3205403036473684	-0.07111885670285702
F66	66	41.0	-2.8021704557368428	-1.687166048905046
P67	67	42.0	-2.5719704956315796	-1.4360817964358772
M68	68	43.0	-2.0198107581163156	-0.8338288035413631
M69	69	44.0	-1.3621223342977893	-0.11647330888102783
S70	70	45.0	-2.8538467175263156	-1.7435305050755758
T71	71	46.0	-2.5977657251052633	-1.4642172309803008
F72	72	47.0	-1.580500976668421	-0.354663785325026
K73	73	48.0	-3.1318301725789475	-2.0467332857310145
V74	74	49.0	-1.857474908644737	-0.6567654565499885
L75	75	50.0	-1.3485691011810528	-0.101690493957428
L76	76	51.0	-2.378946000705263	-1.2255456564875846
C77	77	52.0	-2.149539922510526	-0.9753273087994685
G78	78	53.0	-2.134728583117211	-0.9591722491811386
A79	79	54.0	-0.48801757809663154	0.8369323267678843
V80	80	55.0	-2.195387141515963	-1.0253338974474708
L81	81	56.0	-2.392646737194737	-1.2404893566435864
S82	82	57.0	-0.20172801293389475	1.1491947677593572
R83	83	58.0	-1.0027932947431581	0.27545492275629874
V84	84	59.0	-1.3009783953484209	-0.04978224517666164
D85	85	60.0	-2.0307433328894735	-0.8457532077125299
A86	86	61.0	-0.18427253875468946	1.168233844411571
G87	87	62.0	-0.6878542810505263	0.6189659589451526
Q88	88	63.0	-0.08792379522163157	1.2733235769870215
E89	89	64.0	-1.2096082101870524	0.04987726227382291
Q90	90	65.0	-0.10579827067909998	1.2538274862558816
L91	91	66.0	-1.5636316711057896	-0.33626405591182157
G92	92	67.0	-0.13632359188321053	1.2205328347172342
R93	93	68.0	-1.484984300501579	-0.25048160726242064
R94	94	69.0	-0.461165497708421	0.8662204922759623
I95	95	70.0	-1.8806119839299473	-0.6820015827841263
H96	96	71.0	-0.14836587250078948	1.2073980495265408
Y97	97	72.0	-1.7966281121596845	-0.5903984927868017
S98	98	73.0	-0.1426616209062105	1.2136198045036746
Q99	99	74.0	-0.11990676630815787	1.2384390340734108
N100	100	75.0	-0.13680954118315788	1.2200027989315658
D101	101	76.0	-0.8300261749136844	0.46389588996497605
L102	102	77.0	-1.7080585205452632	-0.49379365544522436
V103	103	78.0	-0.849489036416842	0.4426673109973832
E104	104	79.0	-0.18584616503189477	1.1665174549851902
Y105	105	80.0	-1.515751330033158	-0.2840398954875832
S106	106	81.0	-2.1709710834157896	-0.9987027560105974
P107	107	82.0	-1.7609848694736838	-0.551521609657459
V108	108	83.0	-0.8367694781339473	0.4565408181071945
T109	109	84.0	-2.029245587658421	-0.8441195834427598
E110	110	85.0	-0.16578888327921049	1.1883943814326727
K111	111	86.0	-0.1278921527906842	1.2297291941814938
H112	112	87.0	-0.7024384896100001	0.603058636014534
L113	113	88.0	-0.487352184927158	0.8376580860012003
T114	114	89.0	0.011627929958989475	1.3819068733853463
D115	115	90.0	-0.13387471690068423	1.2232038775101906
G116	116	91.0	-2.0645747543157897	-0.8826538968130483
M117	117	92.0	-2.066968026842106	-0.8852642927616415
T118	118	93.0	-1.3778192465239474	-0.13359428262306
V119	119	94.0	-1.9869977131152625	-0.7980388804173137
R120	120	95.0	-0.0999798947018421	1.2601737192533433
E121	121	96.0	-1.5290037168110526	-0.29849457057109935
L122	122	97.0	-2.3153566551684213	-1.1561873330464307
C123	123	98.0	-2.5149160622631577	-1.3738512480647496
S124	124	99.0	-0.12495979747036845	1.2329275798077937
A125	125	100.0	-2.1243081838526314	-0.9478064863088044
A126	126	101.0	-2.1625269365189475	-0.9894925358595429
I127	127	102.0	-2.3159084237926315	-1.1567891594432833
T128	128	103.0	-1.0530116274010524	0.22068066254404806
M129	129	104.0	-0.5482310605896842	0.7712561327606386
S130	130	105.0	-2.8722013525263166	-1.7635503165742936
D131	131	106.0	-2.8277666277368416	-1.7150843670044635
N132	132	107.0	-2.730079255789474	-1.6085345624351375
T133	133	108.0	-1.7615264053246318	-0.5521122749393225
A134	134	109.0	-2.525596184473684	-1.3855002965714616
A135	135	110.0	-2.171362512169474	-0.9991296961194006
N136	136	111.0	-2.936793079894737	-1.8340019603303401
L137	137	112.0	-1.7081378194542105	-0.49388014854133766
L138	138	113.0	-2.4640329826421055	-1.318351933450885
L139	139	114.0	-1.912081927526316	-0.7163265551235131
T140	140	115.0	-0.12978618336262632	1.2276633326144788
T141	141	116.0	-0.468636733801579	0.8580714477295885
I142	142	117.0	-1.567996712156842	-0.3410251039537048
G143	143	118.0	-1.7653097475421053	-0.5562388510346225
G144	144	119.0	-2.287919639631579	-1.1262611656704549
P145	145	120.0	-1.999385069157895	-0.8115500471030576
K146	146	121.0	-0.07240572840478948	1.2902494800353614
E147	147	122.0	-0.09057602624452632	1.2704307292060986
L148	148	123.0	-2.0078887808157893	-0.820825235873114
T149	149	124.0	-1.0147321661247368	0.26243292833545484
A150	150	125.0	-0.09101383216857893	1.2699532044788264
F151	151	126.0	-0.9940126895952631	0.2850321254577155
L152	152	127.0	-1.4713170751810525	-0.2355744584889676
H153	153	128.0	-0.11397161740831581	1.2449126339129966
N154	154	129.0	-0.1524862408802105	1.2029038714477458
M155	155	130.0	-0.7098270143068421	0.5949998066406789
G156	156	131.0	-1.4561901878115788	-0.2190752236254479
D157	157	132.0	-2.922496550789474	-1.8184084158238283
H158	158	133.0	-0.04988464064556844	1.3148137348781115
V159	159	134.0	-0.21086546753147364	1.1392283413705127
T160	160	135.0	-2.4201098695205268	-1.2704440101862269
R161	161	136.0	-1.3444998366484209	-0.09725205598894193
L162	162	137.0	-1.5232680933836842	-0.2922385976332807
D163	163	138.0	-2.1470311747631574	-0.9725909614408776
R164	164	139.0	-1.9145788708000004	-0.719050027078262
W165	165	140.0	-0.3037359614905264	1.0379324135107142
E166	166	141.0	-2.9608064533157887	-1.8601938845684276
P167	167	142.0	-1.338164822303158	-0.0903423139519126
E168	168	143.0	-0.129995155031	1.2274354025352692
L169	169	144.0	-1.9457467292105264	-0.753045508339394
N170	170	145.0	-2.227725087247368	-1.0606056191569164
E171	171	146.0	-0.19937608022421055	1.1517600734440272
A172	172	147.0	-0.6712753984631579	0.6370489175143897
I173	173	148.0	-0.042379008972631596	1.3230002954537365
P174	174	149.0	-0.14514870176263156	1.2109070897083318
N175	175	150.0	-0.13102755905892105	1.2263093363383937
D176	176	151.0	-2.4413408909947365	-1.293601160837214
E177	177	152.0	-0.10209761761842107	1.2578638714358072
R178	178	153.0	-1.2472634471742108	0.00880585189587698
D179	179	154.0	-3.0076292342105266	-1.9112645404195716
T180	180	155.0	-2.436143251326316	-1.2879319788349552
T181	181	156.0	-2.265101854194737	-1.1013732960253364
M182	182	157.0	-0.19498827447105266	1.156545951456377
P183	183	158.0	-2.5503330878421053	-1.4124813911286545
A184	184	159.0	-0.0966941961474737	1.2637575042591505
A185	185	160.0	-0.4058623136778947	0.9265409137700409
M186	186	161.0	-2.124900580043158	-0.9484526261022083
A187	187	162.0	-2.439117665373158	-1.2911762388563017
T188	188	163.0	0.009472642337368425	1.3795560529026523
T189	189	164.0	-1.2500261589	0.005792500337777776
L190	190	165.0	-1.6429597836542105	-0.4227890050469233
R191	191	166.0	-0.2703063387697895	1.0743948517636333
K192	192	167.0	-0.04048927305473684	1.3250614727453913
L193	193	168.0	-1.8368318119057896	-0.6342495685759972
L194	194	169.0	-1.6490634669263158	-0.4294464291011427
T195	195	170.0	-0.15976662963132632	1.1949629883719062
G196	196	171.0	-0.39360418414110526	0.939911130211467
E197	197	172.0	-0.3593441371742632	0.977279330789324
L198	198	173.0	0.0015697950793631577	1.3709362403916212
L199	199	174.0	-1.7660902607473683	-0.5570901742694143
T200	200	175.0	-0.607631709328421	0.7064665147349471
L201	201	176.0	-0.00440527054963158	1.3644191024815
A202	202	177.0	-0.1050679613245263	1.254624051026269
S203	203	178.0	-1.3726553149210527	-0.12796186676285815
R204	204	179.0	-1.001886124427	0.2764443937387898
Q205	205	180.0	-0.34480070109315797	0.9931421822645704
Q206	206	181.0	-0.4171321321087368	0.9142486703879078
L207	207	182.0	-2.364595615729473	-1.209893370176834
I208	208	183.0	-0.4339246565673684	0.8959326878445669
D209	209	184.0	-0.20538558716315788	1.14520536962573
W210	210	185.0	-2.1460978610368424	-0.9715729752553723
M211	211	186.0	-2.59770060248421	-1.4641462002789118
E212	212	187.0	-0.09506171536315786	1.2655380876146505
A213	213	188.0	-0.23665645575052632	1.1110975328575101
D214	214	189.0	-1.6780131499263158	-0.46102249675967144
K215	215	190.0	-0.4541332435994737	0.8738907293399082
V216	216	191.0	-1.3004343363105264	-0.04918882779828174
A217	217	192.0	-1.6154159605105265	-0.3927463402219055
G218	218	193.0	-0.9476785255631579	0.3355698359528226
P219	219	194.0	-0.5393426531523159	0.7809509178337226
L220	220	195.0	-2.1923326125526317	-1.0220022542923077
L221	221	196.0	-1.9236095722421052	-0.7289000154093906
R222	222	197.0	-2.151490759578947	-0.977455130484536
S223	223	198.0	-0.16345373243928946	1.1909413827561142
A224	224	199.0	-0.3103413418594737	1.0307277771960368
L225	225	200.0	-1.4558542997350525	-0.2187088629772126
P226	226	201.0	-1.7938162111315792	-0.587331489354932
A227	227	202.0	-0.09092284386842105	1.2700524474557502
G228	228	203.0	-0.85382337661	0.4379397490688386
W229	229	204.0	-2.6988946267368417	-1.5745207890590338
F230	230	205.0	-1.346803491704737	-0.09976470415576802
I231	231	206.0	-2.296557473863158	-1.1356826449356856
A232	232	207.0	-2.1672792611531575	-0.9946760027798925
D233	233	208.0	-2.030354850842105	-0.8453294816423058
K234	234	209.0	-2.6155577747368417	-1.4836234180169816
S235	235	210.0	-2.2353746383700006	-1.06894915589981
G236	236	211.0	-2.550659378289473	-1.4128372834278005
A237	237	212.0	-1.9109877789000003	-0.7151331427102224
G238	238	213.0	-2.4285393095315793	-1.2796381892075481
E240	240	214.0	-0.021309666082894734	1.3459810996513881
R241	241	215.0	-0.25357078218526313	1.09264869817073
G242	242	216.0	-2.5269361043684206	-1.3869617772119651
S243	243	217.0	-1.7630847262331582	-0.5538119704572778
R244	244	218.0	-2.1246491775263165	-0.9481784157462152
G245	245	219.0	-2.6335266033000004	-1.5032224217938037
I246	246	220.0	-2.004618080236842	-0.8172578094950208
I247	247	221.0	-2.1415673788026317	-0.966631476809493
A248	248	222.0	-2.113638941877895	-0.9361693051189625
A249	249	223.0	-1.1412335778545477	0.12445500520310455
L250	250	224.0	-1.9829183866657898	-0.7935894676907641
G251	251	225.0	-2.7210817256842112	-1.5987207548240687
P252	252	226.0	-1.098220175763684	0.17137068627099786
D254	254	227.0	-0.04206121593678948	1.323346919435808
G255	255	228.0	-0.2941128943231053	1.0484285084061593
K256	256	229.0	-0.12752104027510527	1.2301339749143554
P257	257	230.0	-0.41195088896142107	0.9198999683373509
S258	258	231.0	-0.19919773913526315	1.1519545940641978
R259	259	232.0	-2.2597765288642107	-1.0955648444115351
I260	260	233.0	-2.1752793354405267	-1.0034018629895267
V261	261	234.0	-2.165011123285263	-0.9922020940059864
V262	262	235.0	-1.9227284773929474	-0.7279389855227909
I263	263	236.0	-2.0584020207305267	-0.8759211580356897
Y264	264	237.0	-2.114178190061474	-0.9367574751907876
T265	265	238.0	-1.0130322632931579	0.2642870504280132
T266	266	239.0	-0.631244189076842	0.6807118542047514
G267	267	240.0	-1.3391983995578947	-0.09146965981355412
S268	268	241.0	-1.5747991085478945	-0.3484446300564259
Q269	269	242.0	0.005695426015526316	1.3754361584589245
A270	270	243.0	-0.14891384722799997	1.2068003612181208
T271	271	244.0	-0.2583476716454737	1.0874384378444624
M272	272	245.0	-0.7954388678563158	0.5016210404534902
D273	273	246.0	-0.08398277000736842	1.2776221414586788
E274	274	247.0	-0.22637669999905263	1.1223098926999886
R275	275	248.0	-0.838744721284158	0.4543863761620755
N276	276	249.0	-2.013863536391052	-0.8273420356006852
R277	277	250.0	-0.18817529659284213	1.163977019024144
Q278	278	251.0	-0.24117281362984205	1.1061714401618699
I279	279	252.0	-2.021057239671579	-0.8351883688921858
A280	280	253.0	-0.5454788951673682	0.7742579812293252
E281	281	254.0	-0.4283226318810527	0.9020429416431959
I282	282	255.0	-2.354241886736842	-1.1986003260633842
G283	283	256.0	-1.9705714024	-0.7801223354062632
A284	284	257.0	-0.16081247821452632	1.1938222578974584
S285	285	258.0	-0.27674113151663154	1.0673762791891808
L286	286	259.0	-1.644578748582105	-0.4245548463550987
I287	287	260.0	-1.377967176668421	-0.13375563334495333
K288	288	261.0	-0.3059161704695789	1.0355544107452852
H289	289	262.0	-0.594524368203684	0.7207629852758547
W290	290	263.0	-2.454443203005263	-1.307892146010611
