acid	resid	mt_score	norm_score
ILE2	2	-0.4943753657	-0.49437536573991453
LYS3	3	-0.4943753657	-0.49437536573991453
VAL4	4	-1.156137666	-1.1561376660494378
GLU5	5	0.0019463597080000001	0.0019463596752280277
ILE6	6	-1.156137666	-1.1561376660494378
LYS7	7	-0.32893479059999997	-0.3289347906375336
PRO8	8	1.656352111	1.6563521109910364
SER9	9	0.0019463597080000001	0.0019463596752280277
GLN10	10	-1.3215782409999999	-1.3215782410518186
ALA11	11	-1.4870188169999998	-1.4870188170541994
GLN12	12	0.9945898106000001	0.9945898105815132
PHE13	13	1.1600303859999999	1.1600303859838939
THR14	14	-1.8178999669999998	-1.817899967058961
THR15	15	0.49826808520000004	0.4982680851743706
ARG16	16	-0.6598159409000001	-0.6598159409422955
SER17	17	0.8291492355	0.8291492354791322
GLY18	18	-0.1634942154	-0.16349421543515283
VAL19	19	-0.6598159409000001	-0.6598159409422955
SER20	20	-1.4870188169999998	-1.4870188170541994
ARG21	21	-1.156137666	-1.1561376660494378
GLN22	22	0.8291492355	0.8291492354791322
GLY23	23	-1.4870188169999998	-1.4870188170541994
LYS24	24	0.1673869349	0.16738693486960887
PRO25	25	-0.1634942154	-0.16349421543515283
TYR26	26	0.6637086603	0.6637086602767513
SER27	27	1.1600303859999999	1.1600303859838939
LEU28	28	0.6637086603	0.6637086602767513
ASN29	29	-0.8252565159999999	-0.8252565160446761
GLU30	30	0.0019463597080000001	0.0019463596752280277
GLN31	31	0.0019463597080000001	0.0019463596752280277
LEU32	32	0.6637086603	0.6637086602767513
CYS33	33	-0.6598159409000001	-0.6598159409422955
TYR34	34	0.0019463597080000001	0.0019463596752280277
VAL35	35	0.0019463597080000001	0.0019463596752280277
ASP36	36	0.33282751	0.33282750997198973
LEU37	37	-0.9906970912	-0.9906970912470571
ASN39	39	0.49826808520000004	0.4982680851743706
GLU40	40	0.8291492355	0.8291492354791322
TYR41	41	0.9945898106000001	0.9945898105815132
PRO42	42	0.0019463597080000001	0.0019463596752280277
VAL43	43	0.6637086603	0.6637086602767513
LEU44	44	0.0019463597080000001	0.0019463596752280277
VAL45	45	-0.32893479059999997	-0.3289347906375336
LYS46	46	-0.6598159409000001	-0.6598159409422955
ILE47	47	0.33282751	0.33282750997198973
THR48	48	0.1673869349	0.16738693486960887
LEU49	49	-1.4870188169999998	-1.4870188170541994
ASP50	50	0.1673869349	0.16738693486960887
GLU51	51	1.325470961	1.3254709609862747
GLY52	52	0.9945898106000001	0.9945898105815132
GLN53	53	1.1600303859999999	1.1600303859838939
PRO54	54	0.9945898106000001	0.9945898105815132
ALA55	55	-0.8252565159999999	-0.8252565160446761
TYR56	56	-1.652459392	-1.6524593920565804
ALA57	57	1.490911536	1.4909115359886556
PRO58	58	-1.3215782409999999	-1.3215782410518186
GLY59	59	-1.3215782409999999	-1.3215782410518186
LEU60	60	1.490911536	1.4909115359886556
TYR61	61	-1.3215782409999999	-1.3215782410518186
THR62	62	1.1600303859999999	1.1600303859838939
VAL63	63	0.0019463597080000001	0.0019463596752280277
HIS64	64	1.1600303859999999	1.1600303859838939
LEU65	65	1.656352111	1.6563521109910364
SER66	66	0.0019463597080000001	0.0019463596752280277
SER67	67	-1.156137666	-1.1561376660494378
PHE68	68	-0.6598159409000001	-0.6598159409422955
LYS69	69	0.8291492355	0.8291492354791322
VAL70	70	-0.4943753657	-0.49437536573991453
GLY71	71	0.6637086603	0.6637086602767513
GLN72	72	1.656352111	1.6563521109910364
PHE73	73	1.656352111	1.6563521109910364
GLY74	74	-0.32893479059999997	-0.3289347906375336
SER75	75	1.490911536	1.4909115359886556
LEU76	76	-1.652459392	-1.6524593920565804
MET77	77	1.1600303859999999	1.1600303859838939
ILE78	78	0.0019463597080000001	0.0019463596752280277
ASP79	79	-0.4943753657	-0.49437536573991453
ARG80	80	-1.156137666	-1.1561376660494378
LEU81	81	-0.6598159409000001	-0.6598159409422955
ARG82	82	-1.156137666	-1.1561376660494378
LEU83	83	-1.4870188169999998	-1.4870188170541994
VAL84	84	1.490911536	1.4909115359886556
PRO85	85	-0.9906970912	-0.9906970912470571
ALA86	86	0.49826808520000004	0.4982680851743706
LYS87	87	1.490911536	1.4909115359886556
